3.392048513569281276e-01 3.756194450434406917e+00 0.000000000000000000e+00
3.310717566233954301e+00 3.082189977602876496e+00 0.000000000000000000e+00
5.199510578636730163e-01 2.064627892396910358e+00 0.000000000000000000e+00
4.256850180707706599e+00 1.840283239508240243e+00 1.000000000000000000e+00
1.087398670824372360e+00 5.609264368738864359e-01 1.000000000000000000e+00
9.915600580950167942e-01 6.265361845618270920e+00 0.000000000000000000e+00
7.998641311646110807e-01 -3.500760003518932351e-01 1.000000000000000000e+00
8.992370759269358027e-01 4.169655732084422084e+00 0.000000000000000000e+00
8.532044230147046715e-01 3.474439469495755883e+00 0.000000000000000000e+00
6.278907474280697176e-01 -7.410493031135785280e-01 1.000000000000000000e+00
8.688566198319791489e-01 4.546653500005604975e+00 0.000000000000000000e+00
3.354138071905868657e+00 1.496532690060722537e+00 1.000000000000000000e+00
1.089302667710125405e+00 2.000234409141699921e+00 1.000000000000000000e+00
2.754391248171483397e+00 -4.319558288439979687e-01 1.000000000000000000e+00
-1.455858775408453543e+00 3.162807959779275535e+00 0.000000000000000000e+00
-3.344211277873707644e-01 2.528764905974671073e+00 0.000000000000000000e+00
5.119304670276722646e+00 6.336561803985368835e-01 1.000000000000000000e+00
1.199496178715748762e-01 1.562631958696925949e+00 1.000000000000000000e+00
3.451899165853708595e+00 2.490384044068717495e-01 1.000000000000000000e+00
1.647066299333868278e+00 8.874013071009192455e-01 1.000000000000000000e+00
1.536514184075635558e+00 6.424014293483590876e+00 0.000000000000000000e+00
-6.889944896966322396e-01 1.843006465215864864e+00 0.000000000000000000e+00
7.867351367648267590e-01 1.447488429593591919e-01 1.000000000000000000e+00
1.372720861412356053e+00 4.953838095661974528e+00 0.000000000000000000e+00
1.911606289945213533e-01 3.702503429372405286e+00 0.000000000000000000e+00
8.588198985886150716e-01 2.165128852578138474e+00 1.000000000000000000e+00
-4.559629347378812980e-02 2.552103211149251649e+00 0.000000000000000000e+00
4.532655098594517984e-02 3.270739154124622239e+00 0.000000000000000000e+00
8.101693565628005356e-01 3.931548728196229803e+00 0.000000000000000000e+00
1.206176946471882561e+00 3.821925126978879650e+00 0.000000000000000000e+00
2.902213813417524158e+00 2.531643466289508648e+00 1.000000000000000000e+00
1.625021950848651420e+00 5.817753198859284547e-01 1.000000000000000000e+00
2.296249923397917225e-01 4.006385165278381066e+00 0.000000000000000000e+00
9.870549521934655068e-01 4.962542588016714440e+00 0.000000000000000000e+00
1.920514698125667996e+00 5.388046591642037697e+00 0.000000000000000000e+00
-6.233413879588043383e-01 3.571998322101173962e+00 0.000000000000000000e+00
7.282714575214378483e-01 4.421527702836073104e+00 0.000000000000000000e+00
3.655032547217905048e+00 -2.097944426132543061e-01 1.000000000000000000e+00
4.769587919679010857e-01 4.766357187257788119e+00 0.000000000000000000e+00
2.340334177837962049e+00 1.149513593318477911e+00 1.000000000000000000e+00
3.210013221825311458e+00 7.319536416207892415e-01 1.000000000000000000e+00
7.676459285675396593e-02 3.287546091755793043e+00 0.000000000000000000e+00
3.967751102388773488e-01 4.905639169665217736e+00 0.000000000000000000e+00
3.793434980275300461e+00 -1.154022101090849795e+00 1.000000000000000000e+00
2.296347465870860471e+00 -5.486079410818980318e-01 1.000000000000000000e+00
1.926251582105743543e+00 -4.165743383871438610e-01 1.000000000000000000e+00
2.810438446986233352e+00 -1.139315843497611169e+00 1.000000000000000000e+00
1.109650610331942566e+00 1.274556231683894536e+00 1.000000000000000000e+00
-4.016277400907242168e-02 2.145934074533793812e+00 0.000000000000000000e+00
2.317579368836697018e+00 -6.531170895073474814e-01 1.000000000000000000e+00
5.615340148470524539e-01 2.721515758076069602e-01 1.000000000000000000e+00
2.239560523496592737e+00 -3.241674366193996182e-01 1.000000000000000000e+00
1.993612433748412238e+00 1.196455661496393041e+00 1.000000000000000000e+00
2.387012659189705843e+00 4.923788510378342309e+00 0.000000000000000000e+00
3.795915583225718315e+00 2.194645743751229450e+00 1.000000000000000000e+00
-1.444079678761638785e+00 4.539760573440675628e+00 0.000000000000000000e+00
2.062474437167489238e+00 4.649877209756049901e+00 0.000000000000000000e+00
2.219734981317963651e+00 -8.592863993019255187e-01 1.000000000000000000e+00
4.006867020127636181e+00 -2.776741350085691895e-01 1.000000000000000000e+00
1.394429197763517259e+00 7.626588639617394305e-01 1.000000000000000000e+00
1.275748528366984269e+00 3.841535869568636130e+00 0.000000000000000000e+00
2.141080546189374711e+00 4.728743557199967640e+00 0.000000000000000000e+00
2.111724841356416693e+00 3.221846577252472255e+00 1.000000000000000000e+00
1.630365904211187100e+00 4.089354413420579704e+00 0.000000000000000000e+00
7.334254616809654514e-01 2.026823700892277369e-01 1.000000000000000000e+00
1.181180794112228316e+00 4.424189022349885647e+00 0.000000000000000000e+00
2.105356842117597438e+00 4.879700133174159071e-01 1.000000000000000000e+00
1.287378515909320953e-01 5.926094565762263677e+00 0.000000000000000000e+00
2.248603563490793267e+00 2.199624145961164068e+00 1.000000000000000000e+00
3.118430875837175709e+00 -1.512415783111551448e-01 1.000000000000000000e+00
3.389643327442588561e-01 -4.370138538359462643e-01 1.000000000000000000e+00
1.256074532687633472e+00 4.715816055108062343e+00 0.000000000000000000e+00
2.139632842983886452e+00 9.180862650790524437e-01 1.000000000000000000e+00
1.994836741708103434e+00 1.375370887483244875e-01 1.000000000000000000e+00
2.086999526940951810e+00 1.660653365319702868e+00 1.000000000000000000e+00
1.347186544164136635e+00 5.341270026299769214e+00 0.000000000000000000e+00
2.843868919993502775e+00 4.047339497741138992e+00 0.000000000000000000e+00
-2.347695218949430895e+00 5.061686732897616281e+00 0.000000000000000000e+00
1.389491023889462440e+00 5.490345419396184923e+00 0.000000000000000000e+00
8.091431289609460897e-01 5.650967084918718797e+00 0.000000000000000000e+00
1.833674614452905915e-01 3.850360869964467359e+00 0.000000000000000000e+00
4.251167881807558224e-01 3.953342958467753743e+00 0.000000000000000000e+00
2.269282436648392576e+00 3.058521526984557148e+00 0.000000000000000000e+00
3.149860925364633690e+00 5.546780316592763604e+00 0.000000000000000000e+00
2.638130075870614988e+00 3.041203170782990295e+00 1.000000000000000000e+00
2.178239904952222528e+00 1.374433977699400344e+00 1.000000000000000000e+00
1.780413159875154916e+00 2.340508066656574293e+00 0.000000000000000000e+00
2.232525820374696046e+00 3.189457862207534689e+00 1.000000000000000000e+00
2.672322630838957824e+00 1.506432817413411174e+00 1.000000000000000000e+00
-8.299051702952195964e-01 2.790608584794200375e+00 0.000000000000000000e+00
1.679287675837844107e+00 7.190291746669685846e-02 1.000000000000000000e+00
3.680315015147357371e+00 5.974447264243879729e+00 0.000000000000000000e+00
1.014522358969642379e+00 4.216735354389720136e+00 0.000000000000000000e+00
1.880145695718742793e+00 4.334552484008279194e+00 0.000000000000000000e+00
1.941008267563579359e+00 5.333167519903054377e+00 0.000000000000000000e+00
2.139810309016527690e+00 3.188864673016231777e-01 1.000000000000000000e+00
6.412658648572695519e-01 5.306857822193883578e+00 0.000000000000000000e+00
-9.876779196252583048e-02 3.144587893845317783e+00 1.000000000000000000e+00
5.181633305735344752e-02 6.232555571706809516e+00 0.000000000000000000e+00
2.016633244653247559e-01 -7.391015229758308713e-01 1.000000000000000000e+00
-1.843185208206241654e+00 3.025653772903885486e+00 0.000000000000000000e+00
2.102926751551546403e+00 1.538560564278435239e+00 1.000000000000000000e+00
2.047308343424858901e+00 3.490005335823206600e+00 0.000000000000000000e+00
-3.621706983416830283e-01 5.621851986112311295e+00 0.000000000000000000e+00
-3.420155014347723288e-01 5.329097124104241523e+00 0.000000000000000000e+00
-1.463485048305507519e+00 3.478922665286517280e+00 0.000000000000000000e+00
4.454409505054128804e-01 3.266331580525937639e+00 0.000000000000000000e+00
3.361546740811241385e+00 1.646463067908166877e+00 1.000000000000000000e+00
1.776434486168485094e+00 2.282592272059846827e+00 0.000000000000000000e+00
1.553724134043899863e+00 -1.024394351678146187e-01 1.000000000000000000e+00
-1.304050741375792466e+00 4.683292208025891412e+00 0.000000000000000000e+00
1.894965053898250318e+00 5.579492018245659768e-01 1.000000000000000000e+00
-2.322681666018846514e-01 2.786976075100267014e-02 1.000000000000000000e+00
1.934599055602852502e+00 4.749153349288751436e+00 0.000000000000000000e+00
4.323281388944482106e-01 6.615366988047567176e+00 0.000000000000000000e+00
3.642473459325757723e+00 1.034593225530688887e-02 1.000000000000000000e+00
1.349067796304065148e+00 5.961769698307177734e+00 0.000000000000000000e+00
1.319415525701419512e+00 3.190143473703979993e+00 0.000000000000000000e+00
2.454165521540730754e+00 1.281744635569925572e+00 1.000000000000000000e+00
5.405981072394128617e+00 6.466530174433549050e-01 1.000000000000000000e+00
1.702522675569833943e+00 -5.500903215420991366e-01 1.000000000000000000e+00
8.124525641197296588e-01 5.720137176898042242e+00 0.000000000000000000e+00
1.033468225173302724e+00 4.069807514916098157e+00 0.000000000000000000e+00
2.727951117661444602e+00 3.790810085376051575e+00 0.000000000000000000e+00
2.147198157965566345e+00 6.069196959995194263e+00 0.000000000000000000e+00
2.037100686862549637e-01 -6.930340088524593600e-01 1.000000000000000000e+00
-1.234402984799793490e+00 4.748139568378101139e+00 0.000000000000000000e+00
6.018985988045602475e+00 1.134538206872828692e+00 1.000000000000000000e+00
1.388813971684384585e+00 7.086217742121213803e+00 0.000000000000000000e+00
1.326175827350542846e+00 4.181099340394692554e+00 0.000000000000000000e+00
2.543223700818655786e+00 2.883327023809852285e+00 1.000000000000000000e+00
5.147927811184405122e-01 4.004563355478482300e+00 0.000000000000000000e+00
2.163046087203696288e+00 4.413226379179878478e+00 0.000000000000000000e+00
-6.915530107069467469e-01 2.620390445201445928e+00 0.000000000000000000e+00
4.956267320533250142e+00 1.044027250132239182e+00 1.000000000000000000e+00
-1.416431410351413511e+00 2.337331128413935755e+00 1.000000000000000000e+00
2.499896916087858578e+00 3.010558219339001251e-01 1.000000000000000000e+00
1.931507132327781262e+00 -4.156536357964251138e-01 1.000000000000000000e+00
3.151175988545943163e+00 -1.385975562942710404e+00 1.000000000000000000e+00
2.833830453323689103e-01 3.715490254754900690e+00 0.000000000000000000e+00
-1.896560599464771624e-01 2.724951891070545695e+00 0.000000000000000000e+00
-6.686141845929063354e-01 3.726806571430003601e+00 0.000000000000000000e+00
-5.885524975518814372e-01 2.654370458343461969e+00 1.000000000000000000e+00
2.067999419822969642e+00 3.645534083276052328e+00 1.000000000000000000e+00
2.804479237085748977e+00 5.772675428258833286e-01 1.000000000000000000e+00
-3.302966291371984831e-01 5.817718939551766333e+00 0.000000000000000000e+00
3.355375327750007131e+00 1.103468421845933856e+00 1.000000000000000000e+00
3.024046600463091039e+00 1.438710686812929129e+00 1.000000000000000000e+00
2.541634982515028618e+00 2.361464990713547429e+00 1.000000000000000000e+00
1.959180031182715220e+00 3.720763456528461077e+00 0.000000000000000000e+00
1.910255496302284861e+00 2.817606133443719685e+00 0.000000000000000000e+00
2.160335038263680119e+00 4.110024711084847127e+00 0.000000000000000000e+00
2.631260431059447402e+00 3.964309625674355964e-01 1.000000000000000000e+00
2.410660670180308607e+00 1.416914442651845407e+00 1.000000000000000000e+00
3.036438743805944362e+00 4.509072021807557284e+00 0.000000000000000000e+00
1.387498548984955615e-02 4.977848816563161805e+00 0.000000000000000000e+00
1.914233544888721550e-02 4.998521032551980880e+00 0.000000000000000000e+00
2.454557313097291082e+00 7.254396420807235346e-01 1.000000000000000000e+00
-1.915522340257438394e-01 -4.316275127553217406e-01 1.000000000000000000e+00
1.527561212637934318e+00 4.527278409614864607e+00 0.000000000000000000e+00
2.844375759160706174e+00 1.716306046181474088e+00 0.000000000000000000e+00
-4.322621823994343693e-01 3.390440136367359081e+00 0.000000000000000000e+00
1.757809392330479392e+00 2.301215257939955627e+00 0.000000000000000000e+00
-4.689579612308958367e-01 5.280284954585881430e+00 0.000000000000000000e+00
1.401993250934780555e+00 2.201385653245906848e+00 1.000000000000000000e+00
5.330984828955676491e+00 -3.667781264378744410e-02 1.000000000000000000e+00
8.380942570059042307e-01 5.579003217093140066e+00 0.000000000000000000e+00
4.160633751956099857e-01 3.492114917785404948e+00 0.000000000000000000e+00
-6.423181835186930755e-01 2.545852432551482636e+00 1.000000000000000000e+00
1.814483141435132563e+00 3.419405205560169136e+00 0.000000000000000000e+00
2.071061030530658709e+00 4.159902991839356190e+00 0.000000000000000000e+00
-2.494871002483911582e-02 7.394519953886995456e-01 1.000000000000000000e+00
2.808652091969539910e+00 1.543514477874301516e-01 1.000000000000000000e+00
2.013618417876436695e+00 -1.015840711811428987e+00 1.000000000000000000e+00
7.379532115697458039e-01 3.810225434906576947e+00 0.000000000000000000e+00
1.672826802559888026e+00 3.495705873946792774e-01 1.000000000000000000e+00
-1.985713552986758668e+00 5.383852703070449941e+00 0.000000000000000000e+00
-1.002402918122357267e+00 5.066761551332396252e+00 0.000000000000000000e+00
1.416197205972458129e-01 4.712490571703961351e+00 0.000000000000000000e+00
8.063329526985940632e-01 5.724901530701759000e+00 0.000000000000000000e+00
1.640139674746846410e+00 -4.125459526757913054e-03 1.000000000000000000e+00
8.285650221357828693e-01 3.453564572452326953e+00 0.000000000000000000e+00
2.154355227571987275e+00 3.969293894654205346e+00 0.000000000000000000e+00
-4.595828776230082013e-01 1.634793166906341799e+00 1.000000000000000000e+00
6.316819103457989026e-01 3.416627370139779796e+00 0.000000000000000000e+00
4.436597072132899555e+00 8.791921353631309000e-01 1.000000000000000000e+00
6.382764893848043020e-01 2.143613213462706391e+00 1.000000000000000000e+00
3.222992207057534308e+00 -8.417179268173375917e-01 1.000000000000000000e+00
2.646300117087636572e-01 4.641167771124341535e+00 0.000000000000000000e+00
3.697511617377280402e-01 2.478892822258257134e+00 1.000000000000000000e+00
-1.454810800807930793e-01 5.944375286374635081e+00 0.000000000000000000e+00
1.631914789626131013e+00 3.441116839964379004e+00 1.000000000000000000e+00
4.077835357683159856e+00 -1.328477417218563161e-01 1.000000000000000000e+00
3.297290810487913948e-01 2.277704578552346426e-01 1.000000000000000000e+00
4.822338502285521411e-01 2.854511681948499024e+00 0.000000000000000000e+00
8.341482880137214284e-01 1.606887567564172503e-01 1.000000000000000000e+00
2.556374620313029311e+00 8.855921142718014005e-01 1.000000000000000000e+00
2.859085703106993837e+00 1.632944821335357677e+00 1.000000000000000000e+00
4.055602294868826618e+00 6.616201846657070451e-01 1.000000000000000000e+00
1.627601174112443205e+00 3.584052365182057276e+00 0.000000000000000000e+00
2.577518250440479886e+00 -6.526067605717760234e-01 1.000000000000000000e+00
3.225428956821731141e+00 1.745638783488524748e+00 1.000000000000000000e+00
1.120204919971610202e+00 3.829852873848486716e+00 0.000000000000000000e+00
4.722988948300205214e-01 5.831843665426424295e+00 0.000000000000000000e+00
2.887726454019800215e+00 -2.270529417667350724e+00 1.000000000000000000e+00
3.691103461873102010e+00 8.654154621198280051e-01 1.000000000000000000e+00
2.954852734604542341e+00 5.871395265566390353e-01 1.000000000000000000e+00
3.255327197870287570e+00 3.770398068920712831e-01 1.000000000000000000e+00
3.330208449866812970e+00 2.619088501020331972e+00 0.000000000000000000e+00
-5.461530609449436469e-01 3.922582780130364544e+00 0.000000000000000000e+00
3.242954810547786781e-01 2.822929089433950267e+00 0.000000000000000000e+00
3.142171562195411383e+00 5.159413711022377669e+00 0.000000000000000000e+00
-1.528999565827148910e+00 4.774882978512005494e+00 0.000000000000000000e+00
1.238661644023016706e+00 9.958061914056571817e-01 1.000000000000000000e+00
9.549945612196942824e-01 4.777726996892242006e+00 0.000000000000000000e+00
1.940527514392552000e+00 5.590585863426849045e+00 0.000000000000000000e+00
7.176404833415304108e-01 5.404010967549368161e+00 0.000000000000000000e+00
2.112936345127484294e+00 -3.003044403452650446e-01 1.000000000000000000e+00
9.070793935185080814e-01 3.973865641707530205e+00 0.000000000000000000e+00
3.807171791439434738e+00 1.095705968419851573e+00 1.000000000000000000e+00
3.196769926748100232e+00 3.661794076487303151e+00 1.000000000000000000e+00
8.381583222140852607e-01 2.227912562611810809e+00 0.000000000000000000e+00
1.843486519409160751e+00 4.104320529765556280e+00 0.000000000000000000e+00
5.434582689873576067e-01 3.310491926109016436e+00 0.000000000000000000e+00
-5.897241215159128025e-01 5.275650272238277871e+00 0.000000000000000000e+00
-2.214967191246103084e+00 5.120810571748840800e+00 0.000000000000000000e+00
1.551282137870961364e+00 2.084420564679460242e+00 1.000000000000000000e+00
1.735320434915042398e+00 4.626056853846625683e-01 1.000000000000000000e+00
3.675454855842732016e+00 1.668237800720630881e+00 1.000000000000000000e+00
3.085964045888173413e+00 1.561636618107555829e+00 1.000000000000000000e+00
1.694011007740086727e+00 -1.600635684541279247e+00 1.000000000000000000e+00
9.539473372620288494e-02 5.482863233660258295e+00 0.000000000000000000e+00
1.468629101083994470e+00 1.992283258412320235e+00 1.000000000000000000e+00
2.327990121619232244e+00 3.514567341886654095e+00 0.000000000000000000e+00
1.246450613454428868e+00 1.111718091378202544e+00 1.000000000000000000e+00
2.635998448493973800e+00 4.177185469676640395e+00 0.000000000000000000e+00
2.072453130602295079e+00 -1.408212794597120787e+00 1.000000000000000000e+00
3.493197338298374977e-01 8.703262739515870150e-01 1.000000000000000000e+00
3.524992810537664889e-01 4.330476357252825537e+00 0.000000000000000000e+00
3.106754281094969983e-02 2.588630804627995996e-01 1.000000000000000000e+00
8.451648743521555929e-01 1.493998775384018263e+00 1.000000000000000000e+00
1.421728075014497383e+00 5.187003787688325041e+00 0.000000000000000000e+00
1.821845993998524094e+00 3.826276132976114575e+00 0.000000000000000000e+00
8.413041904023894624e-01 2.680559735921721032e+00 1.000000000000000000e+00
2.370167437863566207e-01 5.709311308086350678e+00 0.000000000000000000e+00
2.507358283788569508e+00 4.384857460377860505e+00 0.000000000000000000e+00
2.158531311628129057e+00 -1.292544863364726293e-01 1.000000000000000000e+00
1.466839398704468778e+00 1.238659146850767057e+00 1.000000000000000000e+00
4.688429195608907474e-01 5.209247958535845768e+00 0.000000000000000000e+00
2.355101403801976190e+00 1.096362002594990948e+00 1.000000000000000000e+00
1.036172945012304725e+00 3.149181148448605416e+00 1.000000000000000000e+00
2.164681860084966658e+00 2.071097254540824384e+00 1.000000000000000000e+00
1.098426288190064604e+00 5.032479427140007289e+00 0.000000000000000000e+00
-8.011297610040510886e-01 6.801232427135895264e+00 0.000000000000000000e+00
4.921115567865547158e-01 3.925908889229220655e+00 0.000000000000000000e+00
1.171462821006656885e-01 4.156944144425750665e+00 0.000000000000000000e+00
7.513556488886834472e-01 -1.736840759010189750e-01 1.000000000000000000e+00
1.509093492019121241e+00 5.149922371236196561e+00 0.000000000000000000e+00
-1.134017456167795146e+00 4.163204849248948847e+00 0.000000000000000000e+00
1.067113744141531484e+00 -2.364614919687220151e-01 1.000000000000000000e+00
1.826636295361689255e+00 2.017974191633135739e+00 1.000000000000000000e+00
1.475078010596657663e+00 8.380463819150771876e-01 0.000000000000000000e+00
2.801400622992820111e+00 -3.364447068841287525e-01 1.000000000000000000e+00
3.306931293116289972e+00 1.644179290442218111e+00 1.000000000000000000e+00
1.454964969260098773e+00 2.435999807068179868e-01 1.000000000000000000e+00
9.892067217543693003e-01 5.203829526625455948e+00 0.000000000000000000e+00
2.311906827691506461e+00 3.737055072634155373e+00 0.000000000000000000e+00
8.067065263136676823e-01 -2.750732848645509598e-02 1.000000000000000000e+00
2.608825163616301790e+00 1.170660001350358081e+00 1.000000000000000000e+00
-5.037904784822577753e-02 1.905868369808261242e+00 1.000000000000000000e+00
1.609178111400879851e+00 1.579735314275471314e+00 1.000000000000000000e+00
4.142054282456382186e-01 2.666256329840964945e+00 1.000000000000000000e+00
1.025978496779613947e+00 2.345043938871386846e+00 0.000000000000000000e+00
3.832736970548459077e+00 1.468117864288918550e+00 1.000000000000000000e+00
8.136363858043650366e-01 4.421228864180350548e+00 0.000000000000000000e+00
3.154504948824590649e+00 1.691944318130431224e+00 1.000000000000000000e+00
2.468433450476522850e+00 7.160705884319753523e-01 1.000000000000000000e+00
3.808823446558181836e+00 1.317469561694578184e+00 1.000000000000000000e+00
-1.327566859149315714e+00 3.706319822397781572e+00 0.000000000000000000e+00
1.541881444346052898e+00 4.426157509214173835e+00 0.000000000000000000e+00
1.570074780830065908e+00 8.227536565990736239e-01 1.000000000000000000e+00
3.421160463859862944e+00 4.791403980808298435e+00 0.000000000000000000e+00
1.273983283077038786e+00 4.096727924560517597e-01 1.000000000000000000e+00
2.969841180220868626e+00 8.158031910073331172e-01 1.000000000000000000e+00
1.416291778332963158e-01 6.406189502539811897e+00 0.000000000000000000e+00
1.517190131575636869e+00 2.334387889146841921e+00 1.000000000000000000e+00
5.344803925999962457e-01 2.283194591634599480e+00 0.000000000000000000e+00
2.302552731245212758e+00 1.019852162965668496e+00 1.000000000000000000e+00
2.763449166205643515e+00 1.080544217439242116e+00 1.000000000000000000e+00
2.765841170088223944e+00 4.816489538726748676e-01 1.000000000000000000e+00
7.050831161256838620e-01 4.860528891066886459e+00 0.000000000000000000e+00
1.278917529777898743e+00 3.192887005756351648e+00 0.000000000000000000e+00
3.767003110365605423e-01 5.079235200377780757e+00 0.000000000000000000e+00
3.284812766169352471e+00 7.906449671498154697e-01 1.000000000000000000e+00
3.490340930375416484e+00 4.248043044378568389e+00 0.000000000000000000e+00
3.266198012821809549e+00 -1.528270950951304830e-02 1.000000000000000000e+00
2.995200756029372524e+00 1.601400808170596601e+00 1.000000000000000000e+00
3.156681392807418440e+00 2.188900153087868894e+00 1.000000000000000000e+00
8.169288581489415613e-01 -3.556720742743018082e-01 1.000000000000000000e+00
5.505985311831536055e-01 1.418968038647441254e+00 1.000000000000000000e+00
2.346703635628743179e+00 4.011017575767719556e+00 0.000000000000000000e+00
3.856165950651422314e+00 2.978767549046455798e+00 0.000000000000000000e+00
2.740235158408509619e+00 5.286042110987355436e+00 0.000000000000000000e+00
1.927567234980236854e+00 4.455881098064425672e+00 0.000000000000000000e+00
-6.118361695606719941e-01 5.515533212645904015e+00 0.000000000000000000e+00
-2.186611720694762173e-01 3.871310107824156965e+00 0.000000000000000000e+00
2.728179525528099170e+00 7.196068880512251908e-01 1.000000000000000000e+00
1.732670183649203333e+00 5.423232309387545413e+00 0.000000000000000000e+00
3.490705747296785511e+00 -2.408993121103788493e-01 1.000000000000000000e+00
-1.334621059911458296e-01 1.827791742168481282e+00 0.000000000000000000e+00
2.035543500031633979e+00 2.830010249210272999e-01 1.000000000000000000e+00
9.563167353890342781e-01 6.087866504466912243e-01 1.000000000000000000e+00
3.733545034570819432e+00 -2.725615626863775454e-02 1.000000000000000000e+00
2.767738856499495359e-01 3.300569604243435151e+00 1.000000000000000000e+00
1.697008599315171118e+00 4.043413882975896101e+00 0.000000000000000000e+00
7.714942395567980782e-02 3.702166028166237410e+00 1.000000000000000000e+00
-7.086366997399053957e-01 3.351820592127691345e+00 0.000000000000000000e+00
2.583492986773981315e+00 1.582014375068768075e+00 1.000000000000000000e+00
2.690006336410396770e+00 3.666483274775290901e+00 0.000000000000000000e+00
-2.042877413513179974e-01 3.791225210945204260e+00 0.000000000000000000e+00
2.572881713674871840e+00 2.636205825692835569e-01 1.000000000000000000e+00
2.363725051407841171e+00 2.805110611043947433e+00 1.000000000000000000e+00
-7.234558283332721551e-01 4.252036313000930434e+00 0.000000000000000000e+00
1.843069654054771078e+00 7.299976814774117306e-01 1.000000000000000000e+00
6.737452912087207313e-01 6.201613790393022185e+00 0.000000000000000000e+00
2.093450747733649031e+00 8.515592463816031854e-01 1.000000000000000000e+00
3.143969749147402126e+00 -1.997996107319008896e-01 1.000000000000000000e+00
1.860237657686268697e+00 2.209030144837949905e+00 1.000000000000000000e+00
2.321001329479798869e+00 2.831453031176492274e+00 1.000000000000000000e+00
1.051138432441840020e+00 4.038133521485503863e+00 0.000000000000000000e+00
1.080602538822882375e-01 4.116744152038801730e+00 0.000000000000000000e+00
2.369015166443282805e+00 2.216111066413290587e+00 1.000000000000000000e+00
-6.568884861226507166e-01 6.376450676971124665e+00 0.000000000000000000e+00
1.361684135995676614e+00 2.581182993618293509e+00 0.000000000000000000e+00
-1.647577032587030921e-01 5.700057687568206077e+00 0.000000000000000000e+00
2.163496496639651934e+00 2.671732467326625837e+00 1.000000000000000000e+00
1.530788700402403446e-01 3.660994870023404069e+00 0.000000000000000000e+00
1.260511047447905764e+00 3.032864016686178665e+00 0.000000000000000000e+00
9.576979493531166954e-01 5.330544748729403537e+00 0.000000000000000000e+00
2.638241989410351707e+00 7.796730269239556810e-01 1.000000000000000000e+00
3.909578866704697120e+00 2.704835943663066899e+00 0.000000000000000000e+00
2.324016708189292402e+00 1.104806494518269400e+00 0.000000000000000000e+00
6.590805792494736082e-01 8.535427354342923767e-01 1.000000000000000000e+00
1.243120139684206205e+00 2.793070260281863337e+00 0.000000000000000000e+00
4.683911654901669053e-01 3.223731088570428227e+00 0.000000000000000000e+00
7.018437931324784662e-01 2.948741551608471845e+00 0.000000000000000000e+00
-4.901341778462047216e-01 6.733313809510005576e+00 0.000000000000000000e+00
1.628169899438027146e+00 9.280273026101623079e-01 1.000000000000000000e+00
1.390275259668925623e+00 -2.976593681024166660e-01 1.000000000000000000e+00
3.086982811542271499e+00 5.247596986931446494e-01 1.000000000000000000e+00
1.851198835391404618e+00 7.895945565491279128e-01 1.000000000000000000e+00
6.114733751116665506e-01 3.351922062683860837e+00 0.000000000000000000e+00
8.472465138045477406e-01 4.817035454871355427e+00 0.000000000000000000e+00
1.838542784214980408e+00 5.931095114404637769e+00 0.000000000000000000e+00
-1.596839789023212219e-01 3.773390301226013044e+00 0.000000000000000000e+00
1.741179069460442319e+00 2.626916420469586733e+00 0.000000000000000000e+00
8.135658021539586837e-01 3.450253847221629311e+00 1.000000000000000000e+00
1.487667068288371475e+00 1.005103626730917687e+00 1.000000000000000000e+00
4.219300813256685601e+00 3.798746960134718798e+00 0.000000000000000000e+00
2.356772476706568753e+00 2.307393197597689571e+00 1.000000000000000000e+00
4.315432284656597339e+00 1.443461753224553057e+00 1.000000000000000000e+00
1.840693517384228262e+00 5.172223757018397094e+00 0.000000000000000000e+00
-6.019552540975769972e-02 1.809346592788469543e+00 1.000000000000000000e+00
7.226490275881611858e-01 4.166433853311747981e+00 0.000000000000000000e+00
2.313630661067882066e+00 1.561466793660511332e+00 1.000000000000000000e+00
7.659144460388058739e-01 -8.898254134188736675e-01 1.000000000000000000e+00
2.577584650454535442e+00 8.476402532483956476e-01 1.000000000000000000e+00
1.553645265015990429e+00 5.018445411228031894e-01 1.000000000000000000e+00
-1.544238206203205177e+00 3.629469035730263471e+00 0.000000000000000000e+00
2.103903403753146772e+00 1.680868973369637587e+00 1.000000000000000000e+00
-8.413057496004561209e-02 3.896700491423172430e+00 0.000000000000000000e+00
-1.075775555047293608e-01 1.633591668447319956e+00 1.000000000000000000e+00
2.416684534525395112e+00 5.653310567494416183e+00 0.000000000000000000e+00
-9.744540700893278284e-02 3.180109631866470110e+00 0.000000000000000000e+00
2.139663592900784117e+00 1.869668832316576879e+00 1.000000000000000000e+00
2.452993330156852281e+00 3.513907629941930733e+00 0.000000000000000000e+00
1.443111243466594473e+00 5.485428233399716191e-01 1.000000000000000000e+00
2.057106271739641556e+00 -6.071740823318849678e-02 1.000000000000000000e+00
2.707847011949283011e+00 3.924914510668298995e+00 0.000000000000000000e+00
2.257216605480588001e+00 2.851919591224098660e+00 1.000000000000000000e+00
1.794911142564132422e+00 2.865627706782401418e+00 1.000000000000000000e+00
3.379051589485335683e+00 -3.805418291379201179e-01 1.000000000000000000e+00
8.458407141781292271e-01 3.068784899331221894e+00 0.000000000000000000e+00
2.236509914934048382e-02 7.291355960699942296e-01 1.000000000000000000e+00
2.581415376652448579e+00 1.205916392764604828e+00 1.000000000000000000e+00
6.307290222766985810e-01 3.979316100155840807e+00 0.000000000000000000e+00
2.250862842615751536e+00 6.272336870682791998e-01 1.000000000000000000e+00
2.754999449191627647e+00 4.798895558644090009e+00 0.000000000000000000e+00
-1.712358837273117995e-01 4.619408111294480257e+00 0.000000000000000000e+00
3.699189603584093433e+00 4.933418193336570612e-01 1.000000000000000000e+00
3.434884968260565774e+00 1.398327015686319452e+00 1.000000000000000000e+00
7.967956889010943122e-01 3.826255516260410605e+00 0.000000000000000000e+00
6.758387530155562928e-03 -1.897734954164520538e-02 1.000000000000000000e+00
3.810949415107518057e+00 1.080714623035749167e+00 1.000000000000000000e+00
2.314355955149901334e+00 1.282329378287226707e+00 1.000000000000000000e+00
1.077308812805265692e+00 1.679061980480099692e+00 1.000000000000000000e+00
4.068544491498161664e-01 4.325636276229710475e+00 0.000000000000000000e+00
6.927335546701463009e-02 2.574582383204570668e+00 0.000000000000000000e+00
2.514133429456145929e+00 5.806762138428903874e+00 0.000000000000000000e+00
1.844999742974035239e+00 1.370051287111030636e+00 1.000000000000000000e+00
1.485485836683666960e+00 2.680362099962019684e+00 1.000000000000000000e+00
7.791863083417251978e-01 7.124691699071151518e+00 0.000000000000000000e+00
2.599700220552445096e+00 1.486333131132875351e-01 1.000000000000000000e+00
1.150356641359625343e+00 -5.018716321626310872e-01 1.000000000000000000e+00
1.494308755051004134e+00 -1.282571035754507260e+00 1.000000000000000000e+00
2.809493473014216924e+00 5.369477251774929627e+00 0.000000000000000000e+00
-1.562085506180372896e+00 6.884403404147539263e+00 0.000000000000000000e+00
-4.582436025074241304e-01 3.856144733098568977e+00 0.000000000000000000e+00
4.857838308594491505e-01 4.961085089484815747e-01 0.000000000000000000e+00
1.435701198574331316e+00 4.541676774440814413e+00 0.000000000000000000e+00
8.588331799941069100e-01 -7.878667389641893504e-01 1.000000000000000000e+00
1.129184141177787204e+00 1.372997223360680197e-01 1.000000000000000000e+00
1.318731288295190707e+00 3.370824021828627837e-01 1.000000000000000000e+00
2.078757261150700142e+00 1.554418502146024395e-01 1.000000000000000000e+00
1.011276658693524011e+00 -2.857618537585500107e-01 1.000000000000000000e+00
-1.146362195743822809e+00 4.787887921692218995e+00 0.000000000000000000e+00
1.924357865487551500e-01 2.767838206127477108e+00 1.000000000000000000e+00
1.876907881341046691e+00 -6.368818655750732027e-01 1.000000000000000000e+00
9.566674390433016484e-01 4.504947537821168524e+00 0.000000000000000000e+00
2.109017366344123623e-02 2.506547985196417194e+00 0.000000000000000000e+00
9.348053682426527011e-01 -1.555751351488003031e+00 1.000000000000000000e+00
2.935406299109855510e+00 -9.719357353833335544e-01 1.000000000000000000e+00
1.553320590808698443e+00 3.120686040882829637e-01 1.000000000000000000e+00
2.723018984990092317e+00 1.295020031485663914e+00 1.000000000000000000e+00
1.592562315790749805e+00 -3.014055808627984501e-01 1.000000000000000000e+00
1.699421950707593165e+00 4.740855398689857836e+00 0.000000000000000000e+00
-1.447485976556763365e+00 -5.878668670408373487e-01 1.000000000000000000e+00
1.942836300299744634e+00 2.823936527206742930e+00 0.000000000000000000e+00
1.032687597836507987e+00 7.228318334973462100e+00 0.000000000000000000e+00
2.629748652475448090e+00 1.247735984985037128e+00 1.000000000000000000e+00
1.598835584400065901e+00 4.271047030768077235e+00 0.000000000000000000e+00
1.006355767880110719e+00 2.135315389786929252e+00 1.000000000000000000e+00
1.756146782504947712e+00 5.891717127019970857e-01 1.000000000000000000e+00
2.428659596422888978e+00 2.035970750225399861e+00 1.000000000000000000e+00
4.742235690016986638e+00 7.848588478557485537e-01 1.000000000000000000e+00
1.555182990194754034e+00 4.652657032938956938e+00 0.000000000000000000e+00
9.030368896291689484e-01 3.906858460035640856e+00 0.000000000000000000e+00
1.134910194426020036e+00 4.806274031754266929e+00 0.000000000000000000e+00
2.384564981179628784e+00 2.953872941994110768e+00 0.000000000000000000e+00
3.813463358531004488e+00 2.485830234199934097e+00 0.000000000000000000e+00
1.852494461962014505e+00 1.859451382659566665e+00 1.000000000000000000e+00
6.774797827990146626e-01 8.669768803849630112e-01 1.000000000000000000e+00
-8.038060576816694613e-01 3.687137473245647445e+00 0.000000000000000000e+00
4.769223708080585489e+00 1.725256521187569891e+00 1.000000000000000000e+00
3.372989907606531279e+00 2.086205781192686182e+00 1.000000000000000000e+00
1.855342786736574379e+00 -1.422832065834691573e-01 1.000000000000000000e+00
3.066742892499331408e+00 -5.999524403008609230e-01 1.000000000000000000e+00
1.713619854464644376e+00 3.848963814984902587e+00 0.000000000000000000e+00
2.371271903206821019e+00 3.876452736380657793e-01 1.000000000000000000e+00
-1.823234994780675855e+00 4.805661146311249077e+00 0.000000000000000000e+00
1.976976082835240955e+00 4.401612546400466286e+00 0.000000000000000000e+00
-2.243603984949400498e-01 3.312390624063800360e+00 0.000000000000000000e+00
1.519389939450591864e+00 1.003629643459564846e-01 1.000000000000000000e+00
-7.082747383843646105e-02 3.564808447742852771e+00 0.000000000000000000e+00
3.331798450391831867e+00 1.783532751325970001e+00 1.000000000000000000e+00
3.316014130008007488e+00 1.557160388405831597e+00 1.000000000000000000e+00
3.293903988538934513e+00 6.642772701757128084e-01 1.000000000000000000e+00
2.139280698685390725e+00 4.084641824539614774e+00 0.000000000000000000e+00
9.235557644332713645e-01 3.945178336961005616e+00 0.000000000000000000e+00
3.248004497556333803e+00 1.577844600385446938e+00 1.000000000000000000e+00
1.446801992491031807e+00 2.929536339218146601e+00 0.000000000000000000e+00
4.272831762938101852e-01 4.530460363970666648e+00 0.000000000000000000e+00
-3.111490255897255697e-01 3.866358121712008877e+00 0.000000000000000000e+00
4.951703170699007228e-01 4.421726814094732561e+00 0.000000000000000000e+00
1.743869291479095418e+00 5.456545666906547964e+00 0.000000000000000000e+00
2.254481314742594611e-01 6.244091302509090724e+00 0.000000000000000000e+00
2.096629710356328058e+00 -1.700379160800062905e-01 1.000000000000000000e+00
2.625191173923464572e+00 3.200763804260991829e+00 0.000000000000000000e+00
2.256094008707593801e+00 -2.931425310812978413e-01 1.000000000000000000e+00
1.717470750053818884e-01 1.524533387167856802e+00 0.000000000000000000e+00
-4.484829907369725088e-01 5.284984228999014988e+00 0.000000000000000000e+00
-2.016366237911348946e-03 4.165800703664780613e+00 0.000000000000000000e+00
3.627447793302925660e+00 -1.710630064337741452e+00 1.000000000000000000e+00
4.141831029404088760e+00 1.275150172884877975e+00 1.000000000000000000e+00
3.263727535390953172e+00 1.532748546677284107e+00 1.000000000000000000e+00
3.451871853543115876e+00 -1.057217133611771054e+00 1.000000000000000000e+00
2.834584533213356128e+00 2.011003261727180025e+00 1.000000000000000000e+00
1.681905138475043859e-01 5.509244202590495298e-01 1.000000000000000000e+00
3.710715958927676805e+00 6.824126690668335105e-01 1.000000000000000000e+00
-1.408824871118607991e-02 3.639279942434071380e+00 0.000000000000000000e+00
1.796586633236264108e+00 5.004433395512819516e-02 1.000000000000000000e+00
4.273590722649544205e+00 4.062221664952957445e-01 1.000000000000000000e+00
2.490479065485138754e+00 1.726736272036904385e+00 1.000000000000000000e+00
-1.978947192879980221e+00 4.329205054579944090e+00 0.000000000000000000e+00
3.146907316520893172e+00 2.397333880456733901e+00 1.000000000000000000e+00
2.028309158638540666e+00 3.991964102247203883e+00 0.000000000000000000e+00
2.929187713581245411e+00 5.242141592255169513e-01 1.000000000000000000e+00
-4.043524545875842868e-02 2.470756917695247523e+00 0.000000000000000000e+00
1.258247158007499422e+00 6.040218972045799717e+00 0.000000000000000000e+00
2.472411914537171462e-01 3.322258154765722615e-01 1.000000000000000000e+00
2.064789394330575512e+00 2.006244518166388158e+00 1.000000000000000000e+00
2.017947369387420142e+00 7.499501794796971099e-01 1.000000000000000000e+00
2.056815327120877335e+00 3.376081051940337474e+00 0.000000000000000000e+00
3.111512025183924557e+00 5.317137540035798970e-02 1.000000000000000000e+00
1.334900688550678005e+00 1.403044482709963070e+00 0.000000000000000000e+00
2.078551734759572334e+00 2.215569878568033779e+00 1.000000000000000000e+00
3.180335324887968440e+00 3.150466447176120788e+00 1.000000000000000000e+00
1.055375492507047097e+00 6.225689351624923429e-01 1.000000000000000000e+00
1.250657023287801595e+00 4.795115994923504488e+00 0.000000000000000000e+00
1.300468080437689355e+00 -5.392789191334608212e-01 1.000000000000000000e+00
6.981738157428447611e-01 3.230137442688800320e+00 0.000000000000000000e+00
1.685382925862331849e+00 4.025443451804447292e+00 0.000000000000000000e+00
1.307579455787270639e+00 -1.002385446552142678e+00 1.000000000000000000e+00
-4.976773347506147083e-01 5.930572417029340571e+00 0.000000000000000000e+00
1.561751621392809763e+00 6.473636074555531472e+00 0.000000000000000000e+00
1.230339140054955926e+00 1.163935119225296022e+00 1.000000000000000000e+00
-3.101848452137989653e-01 6.753972303091710927e-01 1.000000000000000000e+00
-6.470883241573677225e-01 5.898881509956124702e+00 0.000000000000000000e+00
1.184611947762156392e+00 5.097576623563522702e+00 0.000000000000000000e+00
1.315232809343133802e+00 3.301916220705421345e+00 0.000000000000000000e+00
2.106620304112727382e+00 1.639496059441985842e+00 1.000000000000000000e+00
4.332661393758385771e+00 8.031005717024082280e-01 1.000000000000000000e+00
1.015034978745300354e+00 1.113087583974422756e+00 1.000000000000000000e+00
1.212564563749742863e-01 6.378225822685729796e+00 0.000000000000000000e+00
2.102915021657128403e+00 1.740159850089270099e-01 1.000000000000000000e+00
2.127343608272518782e+00 4.702196893627166752e+00 0.000000000000000000e+00
-1.041102230900944114e+00 4.037861977180929429e+00 0.000000000000000000e+00
3.016230826932221554e+00 3.710041757820862207e-01 1.000000000000000000e+00
1.433581063442567860e+00 5.926068911165371489e+00 0.000000000000000000e+00
1.326822210191864970e+00 3.062382813786414193e+00 0.000000000000000000e+00
1.484289445641752803e+00 4.062316450511089805e+00 0.000000000000000000e+00
1.333542527247749687e-01 4.343575525291329065e+00 0.000000000000000000e+00
3.286914407607711475e+00 1.856313247014435674e+00 1.000000000000000000e+00
3.581998720756875976e+00 6.566113742579809953e-01 1.000000000000000000e+00
4.036293180619150434e+00 1.707623398700297113e+00 1.000000000000000000e+00
1.679669039451100021e+00 4.538777461187192275e-01 1.000000000000000000e+00
4.081208425069211554e-01 1.573923934887696330e+00 1.000000000000000000e+00
4.805333421762902901e-01 9.334392901726653591e-01 1.000000000000000000e+00
1.483216778570970451e+00 1.362427511809803704e+00 1.000000000000000000e+00
6.744967745247893998e-01 8.589933383454881888e-01 1.000000000000000000e+00
1.814624805728938250e-01 5.149328946131515039e+00 0.000000000000000000e+00
3.026863726142821953e+00 5.338618308466546170e-01 1.000000000000000000e+00
5.193312160639484976e-01 5.476403003580447404e+00 0.000000000000000000e+00
3.170002770724068331e+00 4.137551799561400401e+00 0.000000000000000000e+00
1.511996783788914778e-01 4.523561019068425004e+00 0.000000000000000000e+00
-2.556183435586931729e-01 2.463993568118906463e+00 0.000000000000000000e+00
1.171903251003214574e+00 4.594013622698734700e+00 0.000000000000000000e+00
1.039962924810606815e+00 2.061000738086238737e+00 0.000000000000000000e+00
1.059416606525454885e+00 4.681877199623116326e+00 0.000000000000000000e+00
2.733531000806373346e+00 1.792587276734176394e+00 1.000000000000000000e+00
7.237989255637788943e-03 -1.322822110495283088e+00 1.000000000000000000e+00
1.470901054360560956e+00 -1.804529647179804464e-01 1.000000000000000000e+00
6.980129773610944666e-01 3.162438304896144636e+00 0.000000000000000000e+00
4.115897534268102120e+00 -1.039854076759747947e+00 1.000000000000000000e+00
9.410422931231764432e-01 4.839202165611411921e+00 0.000000000000000000e+00
2.311625802972695265e+00 2.349580914386833363e+00 1.000000000000000000e+00
1.979908104383979239e+00 1.245264969897866836e+00 1.000000000000000000e+00
3.129147762414791423e+00 -1.143695601122041161e-01 1.000000000000000000e+00
5.128900745209282741e-01 3.121767583003025592e+00 0.000000000000000000e+00
7.905499163010172303e-01 1.003873831235071457e+00 1.000000000000000000e+00
2.902095233115892459e+00 9.624391467909637621e-01 1.000000000000000000e+00
8.113842788215361868e-01 4.809739592499012062e+00 0.000000000000000000e+00
5.419567629232909800e-01 3.577201731372983584e+00 0.000000000000000000e+00
3.901898435880004623e-01 1.551985720572692795e+00 0.000000000000000000e+00
2.292395786532872570e+00 3.025876350240175761e+00 1.000000000000000000e+00
4.028849014453488309e+00 -9.671202762867692204e-02 1.000000000000000000e+00
4.065920216368782647e+00 1.956902229339108068e-01 1.000000000000000000e+00
3.887289751704016139e-01 4.032872989228966532e+00 0.000000000000000000e+00
2.867930181763001407e+00 4.995202407707870051e+00 0.000000000000000000e+00
-8.946223041681378163e-02 4.332487021958328910e+00 0.000000000000000000e+00
3.018608839512057163e+00 7.346139927087776966e-01 1.000000000000000000e+00
1.533420834076585582e+00 -4.742071585248690546e-01 1.000000000000000000e+00
2.010589104497661150e+00 1.317683338265426940e+00 1.000000000000000000e+00
2.403856096431937761e-01 1.375417144669553782e+00 1.000000000000000000e+00
2.078920151285621465e+00 7.951209685060816046e-01 1.000000000000000000e+00
1.994419856656328038e+00 4.377444313925427544e+00 0.000000000000000000e+00
7.483618250960457630e-01 -4.584064143888695320e-01 1.000000000000000000e+00
3.567580179445759114e+00 -8.599673043008266848e-01 1.000000000000000000e+00
2.535671777946934657e+00 2.159803478452579917e+00 1.000000000000000000e+00
-1.974568873007365166e-01 5.575063566714945296e+00 0.000000000000000000e+00
8.328009225829973161e-01 4.689726379744156404e+00 0.000000000000000000e+00
3.477492027433222166e-01 7.319354426878075692e+00 0.000000000000000000e+00
4.097770568030254523e+00 1.497135266984137569e+00 0.000000000000000000e+00
1.543497469341100103e+00 2.016611813692725796e+00 0.000000000000000000e+00
1.816638524812039357e+00 4.813114622749777638e+00 0.000000000000000000e+00
-9.441655674626669992e-02 2.376803077858655744e+00 0.000000000000000000e+00
1.205776218252697873e+00 1.922662728348256689e-01 1.000000000000000000e+00
2.324318105982392524e+00 -3.602932421602509372e-01 1.000000000000000000e+00
2.614282630751417535e+00 1.275122557835878245e-01 1.000000000000000000e+00
2.941301110242671157e-01 1.948055021224080363e+00 0.000000000000000000e+00
1.887633281268416230e+00 4.465015965895153371e+00 0.000000000000000000e+00
-1.578528769325577841e-01 4.368719072193563591e+00 0.000000000000000000e+00
3.077739530501385268e+00 5.490208160588870845e-01 1.000000000000000000e+00
1.838437650091778952e+00 2.601267352434156743e-01 1.000000000000000000e+00
1.367604705610121707e+00 3.236167653321234017e+00 0.000000000000000000e+00
2.094351955217339967e+00 7.825235165729919062e-01 1.000000000000000000e+00
5.898770225818590340e-01 4.011954000518773711e+00 0.000000000000000000e+00
3.740312246963776399e+00 2.032287157422810076e+00 1.000000000000000000e+00
2.350844573405386662e+00 5.122866990851637325e+00 0.000000000000000000e+00
1.038272525064744212e+00 2.456117724746631481e-01 1.000000000000000000e+00
1.629402091585464785e+00 -6.813024801685059195e-01 1.000000000000000000e+00
2.296178767057536430e+00 1.768212001677235801e+00 1.000000000000000000e+00
1.289485347839208318e+00 -1.308717454299153093e-01 1.000000000000000000e+00
1.435523153251366146e+00 2.418385802116612027e+00 1.000000000000000000e+00
1.554831502666098597e+00 -9.427400006451751580e-01 1.000000000000000000e+00
-2.300792088237568755e-02 4.604771714625813139e+00 0.000000000000000000e+00
1.681280747388756325e+00 2.698096954957731164e+00 0.000000000000000000e+00
9.271665557621255882e-01 2.843670455271893438e+00 0.000000000000000000e+00
6.315072800366712258e-01 -6.203380687611370625e-01 1.000000000000000000e+00
2.003252218608739810e+00 4.310403135322591339e+00 0.000000000000000000e+00
3.749570899675900737e+00 3.999784990003429908e-01 1.000000000000000000e+00
3.161751947944036800e+00 2.739869678860943125e+00 1.000000000000000000e+00
1.415995216898192854e+00 4.777831744367873057e+00 0.000000000000000000e+00
1.992112631182798133e+00 5.037861551698172846e+00 0.000000000000000000e+00
1.169954360667640358e+00 4.776490476951106956e+00 0.000000000000000000e+00
7.545184838264467064e-01 5.031597557056139980e-01 1.000000000000000000e+00
3.844727218244491596e+00 2.725431373413461422e+00 1.000000000000000000e+00
2.892244096494566818e+00 6.140485789823745932e+00 0.000000000000000000e+00
1.850495683031266436e+00 2.977259468141003396e+00 0.000000000000000000e+00
9.799394564859793544e-01 1.308040278688880953e+00 1.000000000000000000e+00
8.048545852407462675e-01 2.990145793701324273e+00 1.000000000000000000e+00
9.458624230478255290e-01 3.381248690941279111e+00 0.000000000000000000e+00
4.346550144250969083e+00 4.211381494597871367e+00 0.000000000000000000e+00
9.469911972696798408e-01 5.652780737589001347e+00 0.000000000000000000e+00
1.110939113475836182e+00 -6.038382388337997231e-01 1.000000000000000000e+00
1.325150587939228686e+00 1.316545685182935355e+00 1.000000000000000000e+00
4.513722486351302798e+00 6.523712037585093215e-01 1.000000000000000000e+00
2.264317912816000700e+00 1.744632811125937710e+00 0.000000000000000000e+00
-6.683968788107588210e-01 1.106006262627102776e-01 1.000000000000000000e+00
6.595767711033850844e-02 9.016914304918814960e-01 1.000000000000000000e+00
2.614047717539975668e+00 1.029813654271880541e+00 1.000000000000000000e+00
2.146827235835389924e+00 4.259918356361302116e+00 0.000000000000000000e+00
-5.555243199912149876e-01 5.359241047950323633e+00 0.000000000000000000e+00
4.388621456847412006e+00 1.844499072514691695e+00 1.000000000000000000e+00
2.563588880766479505e+00 2.399785979522319757e+00 1.000000000000000000e+00
4.721790962058713959e-02 -8.186532601144738130e-01 1.000000000000000000e+00
8.397639097422557874e-01 2.580440001465811761e+00 1.000000000000000000e+00
1.603876103008045284e+00 1.658866587006092130e+00 1.000000000000000000e+00
2.163880600453481851e+00 4.114590817076267726e+00 0.000000000000000000e+00
-6.398010586078157758e-01 4.637600914134868191e+00 0.000000000000000000e+00
-5.570069956992742544e-01 5.513095015011183264e+00 0.000000000000000000e+00
4.483765483899067039e-01 4.434679864239995162e+00 0.000000000000000000e+00
-2.080906650871043873e-01 4.609341647400430730e+00 0.000000000000000000e+00
1.038024417393745624e+00 -9.137333534832261517e-01 1.000000000000000000e+00
5.213227821877875812e+00 3.110065395183854164e+00 1.000000000000000000e+00
8.491484853529055465e-01 4.327886558089736546e+00 0.000000000000000000e+00
3.800406266910060005e+00 4.250965887872586890e+00 0.000000000000000000e+00
3.927131459805419667e-01 2.532654686040565650e+00 0.000000000000000000e+00
-4.042090957390680472e-01 4.368993676524607572e+00 0.000000000000000000e+00
1.631133858339252063e+00 4.414314936254216448e+00 0.000000000000000000e+00
3.955201047126422509e+00 5.484386686186407012e+00 0.000000000000000000e+00
4.746667262146106125e+00 1.483044794549926326e+00 1.000000000000000000e+00
2.042696931596609922e+00 2.445172329885986429e+00 1.000000000000000000e+00
-1.687998553851645767e+00 1.998835611289151215e+00 1.000000000000000000e+00
1.164730647606421199e-01 2.786190573580739294e+00 0.000000000000000000e+00
1.347217704267603899e+00 5.130495632291847130e-01 1.000000000000000000e+00
1.558978111089033503e+00 3.840984276567961153e+00 0.000000000000000000e+00
1.861472761284970634e+00 9.802389871710526226e-01 1.000000000000000000e+00
2.339449959112229305e+00 2.915475594038221097e+00 1.000000000000000000e+00
3.537295151811139515e-01 6.715702394719622603e+00 0.000000000000000000e+00
3.324849123360504421e+00 1.773965336394308201e+00 1.000000000000000000e+00
1.557877398194326135e+00 1.875887260990408700e+00 1.000000000000000000e+00
1.809248931086387957e+00 3.727887593212698469e+00 0.000000000000000000e+00
2.427160463876560481e+00 9.526915051571218651e-01 1.000000000000000000e+00
1.610328155124369998e+00 4.072953185886901473e+00 1.000000000000000000e+00
1.963867963997631305e+00 -7.240609100079880012e-01 1.000000000000000000e+00
5.337776894796401050e-01 2.585098210675866426e+00 0.000000000000000000e+00
3.561421610682921068e-01 4.210281099097963775e+00 0.000000000000000000e+00
1.649098823532253899e+00 8.530710259451179667e-03 1.000000000000000000e+00
-1.061477855161060635e+00 4.882265146855607973e+00 0.000000000000000000e+00
2.814157111327935112e+00 -4.125493485939046856e-01 1.000000000000000000e+00
6.227669882985737981e-01 9.564962782610539893e-01 1.000000000000000000e+00
1.804825671426643741e+00 -1.244893985123308511e+00 1.000000000000000000e+00
5.900038672375922388e-01 2.208782569535919116e+00 0.000000000000000000e+00
2.243790279348620409e+00 5.783251772032250715e-01 1.000000000000000000e+00
3.486845237706909018e+00 1.330781712446387655e+00 1.000000000000000000e+00
4.121412821683374528e-01 4.635897296156184844e+00 0.000000000000000000e+00
-2.376106345091106853e-01 4.697308833093170044e+00 0.000000000000000000e+00
1.425650578010257741e+00 4.123078806281220032e+00 0.000000000000000000e+00
1.869309831140778755e+00 1.017668916150149316e+00 1.000000000000000000e+00
-8.839141802049232943e-02 6.582191827608339096e+00 0.000000000000000000e+00
2.006182532635436555e+00 -2.885023536242674602e-01 1.000000000000000000e+00
1.531099119478277260e+00 4.720880236666223695e+00 0.000000000000000000e+00
1.572393039699273132e+00 4.489349304173487987e+00 0.000000000000000000e+00
1.005726962466388708e+00 -8.126427092350514414e-01 1.000000000000000000e+00
1.399900235066425802e+00 6.830091779304386712e+00 0.000000000000000000e+00
-2.041905349838721850e-01 4.601416262238780419e+00 0.000000000000000000e+00
6.492132714078691080e-01 4.075981347710960989e+00 0.000000000000000000e+00
1.948873018283620695e+00 1.922873683102362952e-01 1.000000000000000000e+00
2.333346476443636242e+00 7.871942559389931704e-01 1.000000000000000000e+00
1.038138805609108539e+00 4.921083297799585310e+00 0.000000000000000000e+00
2.833416446814124967e+00 1.086737327543654263e-01 1.000000000000000000e+00
4.895258445537291614e-01 1.647636284240213689e-01 1.000000000000000000e+00
-9.916879275663172955e-01 2.291319359300787006e+00 1.000000000000000000e+00
2.351625501321962020e+00 5.926314792856166136e+00 0.000000000000000000e+00
2.180994032344081734e+00 1.571615252580682576e+00 1.000000000000000000e+00
1.141675538993645489e+00 -1.154465376074293559e+00 1.000000000000000000e+00
3.493845272194580076e+00 3.920330107414634391e+00 0.000000000000000000e+00
6.745978392301144044e-01 3.206049398935798322e+00 0.000000000000000000e+00
1.599632922183779282e+00 5.613752522408455903e+00 0.000000000000000000e+00
4.954632996183478411e-01 3.748992211004392949e+00 0.000000000000000000e+00
2.055669651523138519e+00 3.297845151651053186e+00 0.000000000000000000e+00
2.678676219322793095e+00 -2.475106536360049958e-02 1.000000000000000000e+00
2.687001194654556446e+00 1.346725105579757331e+00 1.000000000000000000e+00
9.893951044475206569e-01 6.536125444830684472e+00 0.000000000000000000e+00
2.048674983911915604e+00 5.730164660770356910e+00 0.000000000000000000e+00
2.915119260401321188e+00 9.599852431877151648e-01 1.000000000000000000e+00
1.431871640097126974e+00 6.142939772626313299e+00 0.000000000000000000e+00
-6.253696588537138723e-03 2.645866275094856057e+00 1.000000000000000000e+00
-4.580657369673830637e-01 3.756512271517847168e+00 0.000000000000000000e+00
1.223729190977704384e+00 5.656206350544971784e+00 0.000000000000000000e+00
8.829351057325580676e-01 4.627182877735572575e+00 0.000000000000000000e+00
3.141525449956329208e+00 1.127890240817369660e+00 1.000000000000000000e+00
9.191401277212014609e-01 4.579421897144856146e+00 0.000000000000000000e+00
-1.064523079246623816e+00 2.344077672062822693e+00 0.000000000000000000e+00
1.419717194938017624e+00 5.074895520439988594e+00 0.000000000000000000e+00
2.876263654503711020e+00 6.453273961718632989e+00 0.000000000000000000e+00
1.069503086725936969e+00 2.957413490693396430e+00 0.000000000000000000e+00
2.294581111462767886e+00 1.998302658909324903e+00 1.000000000000000000e+00
8.263697917507433210e-01 -2.252388043520832106e-01 1.000000000000000000e+00
5.073361827198902274e-01 2.771042087719616021e+00 0.000000000000000000e+00
1.977701114184960307e+00 2.471622571951454184e+00 1.000000000000000000e+00
2.461307318986872161e+00 4.699965592354452326e+00 0.000000000000000000e+00
4.039969426114587314e+00 9.359165770201327561e-02 1.000000000000000000e+00
2.362693864337239713e-02 3.194062156653470819e+00 0.000000000000000000e+00
1.058617612201415703e-01 3.940790951443556622e+00 0.000000000000000000e+00
2.141016555783703534e+00 5.573185335065861112e-01 1.000000000000000000e+00
3.103915885720519574e-01 5.667224495491515412e+00 0.000000000000000000e+00
3.213465397641748211e+00 1.595266010711269056e+00 1.000000000000000000e+00
1.564311509604597417e+00 4.693096166891084664e+00 0.000000000000000000e+00
1.156324542497592534e+00 6.121629211152108674e+00 0.000000000000000000e+00
1.979814403442454740e+00 8.862913949047812601e-03 1.000000000000000000e+00
-3.076305587771477335e-02 2.905897422046349821e+00 0.000000000000000000e+00
5.862999436512288387e-01 3.253424333099256938e+00 0.000000000000000000e+00
1.113136938707127044e+00 1.069775942317120920e+00 1.000000000000000000e+00
5.868294133872792306e-01 4.373994005235571692e+00 0.000000000000000000e+00
-2.739991056904609312e-01 2.372823456476375270e+00 0.000000000000000000e+00
2.304004389439362477e+00 3.383578558182175566e+00 1.000000000000000000e+00
1.022527230934181963e+00 5.263665337114269427e+00 0.000000000000000000e+00
1.479197130018431228e+00 3.447774713772998378e+00 0.000000000000000000e+00
1.849341514930665120e+00 4.308500938806226976e+00 0.000000000000000000e+00
2.152417096765386617e+00 4.810292427851999619e+00 0.000000000000000000e+00
1.690715038493072253e+00 -1.278614850510690015e+00 1.000000000000000000e+00
-1.864255496089064490e-01 4.080550962339228427e+00 0.000000000000000000e+00
1.607593505627200603e-01 3.815095608463888510e+00 0.000000000000000000e+00
4.162507899757007301e+00 -1.162394098019787769e+00 1.000000000000000000e+00
4.094764305848217489e+00 1.369862622101334138e+00 1.000000000000000000e+00
1.320770921026565459e+00 6.097599060934832949e+00 0.000000000000000000e+00
2.019606434139857409e+00 4.917508285842368543e-01 1.000000000000000000e+00
-2.049123866899362767e-01 1.411831463559947597e+00 1.000000000000000000e+00
1.942138624924472090e+00 2.226789463555185478e+00 0.000000000000000000e+00
3.077594810414122861e+00 1.195413899965485083e+00 1.000000000000000000e+00
2.893150301503744082e-02 4.241182209592362362e+00 0.000000000000000000e+00
-7.811835667883790801e-01 3.566215270111465330e+00 0.000000000000000000e+00
2.976932335255978446e-01 4.823849885275171445e+00 0.000000000000000000e+00
2.696313093423823748e+00 4.897655822400391878e-01 1.000000000000000000e+00
3.106576795351603248e-01 5.110106419273236611e+00 0.000000000000000000e+00
2.683177821526352425e+00 -1.801700897536091528e-01 1.000000000000000000e+00
2.001672325123272422e+00 6.003723004547745212e+00 0.000000000000000000e+00
2.726013172141407370e+00 1.403532979455812235e+00 1.000000000000000000e+00
-1.026024982669176300e+00 3.194811150142089495e+00 0.000000000000000000e+00
-9.017256331806458025e-01 2.081703634031256911e+00 0.000000000000000000e+00
6.496425505312541926e-02 4.549484078359371075e+00 0.000000000000000000e+00
9.511838791218885092e-02 5.153755882754768258e+00 0.000000000000000000e+00
5.413798918888043099e-01 4.499223538828364788e+00 0.000000000000000000e+00
1.904759223102365784e+00 -9.514813150161300914e-01 1.000000000000000000e+00
2.479091591360916169e+00 1.606236074991496121e-01 1.000000000000000000e+00
1.556904848320807000e-01 7.605941958550119786e-01 0.000000000000000000e+00
9.623380637441935059e-01 4.318160952285968079e+00 0.000000000000000000e+00
-1.391252645421925394e-02 1.089719235957519849e+00 1.000000000000000000e+00
2.082589219207717335e+00 9.508375024751752891e-01 1.000000000000000000e+00
3.310718779079707463e+00 5.436343150292621829e+00 0.000000000000000000e+00
2.241073119789231516e+00 3.481348521496929305e+00 0.000000000000000000e+00
-1.960802103928196427e-01 4.845172268887569800e+00 0.000000000000000000e+00
-7.371798996323306596e-01 5.385853480968206597e+00 0.000000000000000000e+00
2.220157216167143233e+00 -1.578043328898237618e+00 1.000000000000000000e+00
5.876623639234054286e-01 4.425537535284369106e+00 0.000000000000000000e+00
-9.566489590212667871e-03 5.672085295838503960e+00 0.000000000000000000e+00
-1.884504971471665513e+00 4.618142846225310905e+00 0.000000000000000000e+00
1.002597605224074595e+00 4.428105398736779996e+00 0.000000000000000000e+00
2.583750087396861517e+00 2.420039329680550022e+00 0.000000000000000000e+00
1.638028820990922618e+00 8.725022800910150478e-01 1.000000000000000000e+00
2.296784462974998497e+00 2.519341271304050167e+00 1.000000000000000000e+00
-2.822696118272347565e-01 6.405758222782549360e+00 0.000000000000000000e+00
1.269796985982409865e+00 6.968979090661444609e+00 0.000000000000000000e+00
4.592463525968109028e-01 3.369468813147443065e+00 0.000000000000000000e+00
7.977214490323885077e-01 -1.292736220659789215e-01 1.000000000000000000e+00
1.924042895159185917e+00 2.606932388013134982e+00 1.000000000000000000e+00
2.113993713662234875e+00 4.700310096437517515e+00 0.000000000000000000e+00
3.445721819659826046e-01 3.284047899955925942e+00 0.000000000000000000e+00
1.516397099544431581e+00 1.613602868509456556e+00 1.000000000000000000e+00
9.057041588545506894e-01 4.201333311206363774e+00 1.000000000000000000e+00
1.331619667055513379e+00 6.482123303267929515e+00 0.000000000000000000e+00
1.637449601567222857e+00 4.611472063304445257e+00 0.000000000000000000e+00
2.178601838702622473e+00 1.144139978934646029e+00 1.000000000000000000e+00
1.258280896635374901e+00 4.865927452738381120e+00 0.000000000000000000e+00
2.077162038030651026e+00 1.302195865699335098e+00 1.000000000000000000e+00
1.394180204487733832e+00 1.114803476171716046e+00 1.000000000000000000e+00
1.471278469373551667e+00 2.937460441535257871e+00 0.000000000000000000e+00
4.298339811599540816e-01 -1.071493451014631226e-01 1.000000000000000000e+00
1.112077688160061362e-01 6.224258645255637212e+00 0.000000000000000000e+00
9.691893378504377043e-01 1.718152098512064851e+00 1.000000000000000000e+00
2.696413579967598562e+00 -2.278884849672343726e+00 1.000000000000000000e+00
3.057832194858522978e+00 -1.410501317142904387e+00 1.000000000000000000e+00
9.315599887212187014e-01 7.279719016473078064e+00 0.000000000000000000e+00
2.253508310532336356e+00 3.613111485677478640e+00 0.000000000000000000e+00
2.323974509715494907e+00 1.019187699941584313e+00 1.000000000000000000e+00
2.557617376157452327e+00 4.568158593363237152e+00 0.000000000000000000e+00
3.630978577735564539e+00 7.721717806862293809e-01 1.000000000000000000e+00
3.018813721939048733e+00 1.201623929191051543e+00 1.000000000000000000e+00
-1.156567659734770714e+00 6.742256571488127292e+00 0.000000000000000000e+00
8.921755673927679320e-01 2.655792490392472338e+00 0.000000000000000000e+00
2.088690499776173937e+00 1.126976476914907099e+00 1.000000000000000000e+00
-3.165334736840859087e-01 5.155780475300423937e+00 0.000000000000000000e+00
9.061038029855487119e-01 4.302056024029520032e+00 0.000000000000000000e+00
1.454685616061830222e+00 4.260984476783447938e+00 0.000000000000000000e+00
2.815463055933679737e+00 2.291366563622189823e+00 1.000000000000000000e+00
-1.201675168715043096e+00 2.674733884807995565e+00 0.000000000000000000e+00
3.096080945763476144e+00 1.306496421339214509e+00 1.000000000000000000e+00
2.186807692756972621e+00 7.830893998124578426e-01 1.000000000000000000e+00
1.205444077618496701e+00 6.392466118434461109e+00 0.000000000000000000e+00
1.618039796293456956e+00 3.427003597150404257e+00 1.000000000000000000e+00
6.684205793876965007e-01 2.132660340886471939e-01 1.000000000000000000e+00
2.095345419658907637e+00 6.022492410439626909e+00 0.000000000000000000e+00
1.454956227689221171e+00 2.067798097575058947e+00 1.000000000000000000e+00
2.681934888674584183e+00 3.441975846760967794e+00 0.000000000000000000e+00
1.059298388550001802e+00 2.832747161661360202e+00 1.000000000000000000e+00
3.846958150035367563e+00 1.420661174074427491e+00 1.000000000000000000e+00
2.478049363539271965e+00 1.712390237063706966e+00 1.000000000000000000e+00
1.382357098291727704e+00 5.550184803438089176e+00 0.000000000000000000e+00
8.632925694503115199e-01 6.013283877206781369e+00 0.000000000000000000e+00
2.731234503058365792e+00 -1.374933378041525156e+00 1.000000000000000000e+00
6.959464107319446313e-01 3.925975164379552407e+00 0.000000000000000000e+00
1.225395324667076569e+00 4.240532901246307773e+00 0.000000000000000000e+00
2.155077687699642475e+00 8.791908684614444525e-01 0.000000000000000000e+00
1.637576626464534613e+00 4.832073104584422296e+00 0.000000000000000000e+00
2.411255770350831718e+00 5.109416688337351520e-01 1.000000000000000000e+00
1.044370606458460804e+00 -4.824913223111404470e-01 1.000000000000000000e+00
1.978219956217609488e+00 -8.932557024796983214e-01 1.000000000000000000e+00
2.179273599597256084e+00 2.868037375722583882e+00 1.000000000000000000e+00
1.236613801142570468e+00 5.524586123053031095e+00 0.000000000000000000e+00
2.354199497250111683e+00 2.645033986296356332e+00 1.000000000000000000e+00
-8.508957817802651480e-01 3.449487618962537638e+00 0.000000000000000000e+00
3.071823728804394804e-01 4.335543837929660249e+00 0.000000000000000000e+00
-4.957661245567934749e-01 2.878541951279688149e+00 0.000000000000000000e+00
2.598777468596825457e+00 1.572781735593944186e+00 1.000000000000000000e+00
3.639532089956198924e+00 1.522036451773761012e+00 1.000000000000000000e+00
1.368394338552827660e+00 -4.755497495062250835e-01 1.000000000000000000e+00
2.195964435065945963e+00 7.823237308248920385e-02 1.000000000000000000e+00
2.970797533626472919e+00 4.286356589870959910e-01 1.000000000000000000e+00
1.102315600523366301e+00 -9.110117585068238100e-01 1.000000000000000000e+00
2.968207259404151976e+00 2.278386751902282459e+00 1.000000000000000000e+00
1.348395263464557514e+00 1.492702889235580033e+00 1.000000000000000000e+00
-1.911882478116453399e-01 -1.051528047255767540e-01 1.000000000000000000e+00
-1.077436538366766339e+00 3.796197582123600256e+00 0.000000000000000000e+00
7.449529897848181648e-01 3.294226717927945636e+00 0.000000000000000000e+00
3.418730764747988093e-01 2.988937199258797417e+00 0.000000000000000000e+00
1.068889796112065138e+00 8.992242296735450946e-01 1.000000000000000000e+00
-9.617666028078561968e-01 4.825435853738184733e+00 0.000000000000000000e+00
2.730421304433495511e+00 3.760747498101110420e+00 1.000000000000000000e+00
1.609030786277211300e-01 3.652300687072001395e+00 0.000000000000000000e+00
2.071817231017294869e+00 7.452325004375902617e-01 1.000000000000000000e+00
-4.704239954420719183e-01 3.913422013541273170e+00 0.000000000000000000e+00
1.978088394610501677e+00 3.391183428596603600e-01 1.000000000000000000e+00
2.632537644655013942e+00 4.560453032170839194e+00 0.000000000000000000e+00
1.416609794892549123e+00 1.866074058771889366e+00 1.000000000000000000e+00
1.024558268346730250e+00 2.232893449545947817e+00 0.000000000000000000e+00
7.060885639016338811e-01 7.548817206252116385e-01 1.000000000000000000e+00
1.548039586322733641e+00 3.098022310281229430e+00 0.000000000000000000e+00
1.391162046452181222e-01 -1.242299045179839911e+00 1.000000000000000000e+00
9.831392426242604454e-01 1.066981988925412406e+00 1.000000000000000000e+00
7.467556749420856121e-02 1.953231543193669761e+00 1.000000000000000000e+00
2.837965031139595418e+00 4.955417012793032150e+00 0.000000000000000000e+00
9.017383776868430623e-01 -9.165094628008445543e-01 1.000000000000000000e+00
3.915714766787425916e-02 4.344798261965530095e+00 0.000000000000000000e+00
3.207028018696104432e+00 1.473681756373975027e+00 1.000000000000000000e+00
5.242709775694702756e-01 5.634518747608204592e+00 0.000000000000000000e+00
3.428146947348518658e+00 7.253646866928195047e-01 1.000000000000000000e+00
1.451205593333993793e+00 9.008776379773243415e-01 1.000000000000000000e+00
-1.897162233365528028e-01 5.857936558017334150e+00 0.000000000000000000e+00
-2.765665563054042764e-02 3.723365213154025355e+00 0.000000000000000000e+00
-1.641983760461185771e+00 4.458439720240273019e+00 0.000000000000000000e+00
3.379947611646975769e+00 6.154430816741420784e+00 0.000000000000000000e+00
2.419000116664018929e+00 4.519417848064472665e+00 0.000000000000000000e+00
1.273321227546311274e+00 2.137834695586069422e+00 1.000000000000000000e+00
1.251576829741764874e+00 1.085307693695598319e+00 1.000000000000000000e+00
-5.098039936835410124e-01 3.670266884575030808e+00 0.000000000000000000e+00
-2.962822655627108670e-01 4.206468882522326425e+00 0.000000000000000000e+00
2.470451588880100413e-01 -1.080693392315549506e+00 1.000000000000000000e+00
5.391827511715969745e-01 1.252375602917118691e+00 1.000000000000000000e+00
2.634347131503611550e+00 3.098029297190560083e+00 0.000000000000000000e+00
-1.218593150750653997e+00 4.867455404705783195e+00 0.000000000000000000e+00
3.911424519807820577e+00 -1.757198862619012036e+00 1.000000000000000000e+00
-2.252225712665935742e+00 2.861349372883378095e+00 0.000000000000000000e+00
3.362869222863269503e-01 1.523903950162869947e+00 1.000000000000000000e+00
1.470966259400495080e+00 -1.775280712178921583e-01 1.000000000000000000e+00
2.138151467895905267e+00 5.031568066695795594e+00 0.000000000000000000e+00
-8.318982959077398931e-01 5.304159764123424381e+00 0.000000000000000000e+00
-8.878019123355118669e-01 4.853026954029060924e+00 0.000000000000000000e+00
2.279526573927624922e-01 2.908916094997897162e+00 0.000000000000000000e+00
2.124231714908167756e+00 1.271385480086708819e+00 1.000000000000000000e+00
7.986276809968044788e-01 1.024422593273200510e+00 1.000000000000000000e+00
1.153711532697469622e+00 3.904626806017021057e+00 0.000000000000000000e+00
-1.430631229455994191e-01 4.787415449772467468e+00 0.000000000000000000e+00
1.671223428183742588e+00 5.419379686612803226e+00 0.000000000000000000e+00
3.953716692637352814e+00 -5.662869168746635928e-01 1.000000000000000000e+00
-2.799200167080639901e-02 3.441850105260639392e+00 0.000000000000000000e+00
1.040738757008856430e+00 5.387883113458924456e+00 0.000000000000000000e+00
2.089654648970172612e+00 3.687684146844409039e+00 1.000000000000000000e+00
2.626904579833892139e+00 2.100590840955868455e+00 1.000000000000000000e+00
1.794737966062087686e-01 3.807197559537392806e+00 0.000000000000000000e+00
2.560137547477845388e+00 3.318554237941127028e+00 1.000000000000000000e+00
6.416031574290370632e-01 2.893773163110881619e+00 0.000000000000000000e+00
3.288259136896040769e+00 4.036079007198284607e+00 0.000000000000000000e+00
9.003775016703754464e-01 2.662853282811225242e+00 1.000000000000000000e+00
2.967233521568349630e+00 3.980571537852426012e+00 0.000000000000000000e+00
2.449744542496058664e+00 4.078881282682951692e+00 0.000000000000000000e+00
5.204031480568882539e-01 4.499667146538844698e+00 0.000000000000000000e+00
2.655798141580111515e+00 -3.125689199459442680e-01 1.000000000000000000e+00
2.254330606900006195e+00 -1.550522533982736650e+00 1.000000000000000000e+00
-1.122263579308571124e-01 3.580225246492870550e+00 0.000000000000000000e+00
4.131026971301020367e+00 -8.730906930941140232e-01 1.000000000000000000e+00
9.044331804647517403e-01 3.814766012230869752e+00 0.000000000000000000e+00
1.356945188265562541e-01 3.854345875522713349e+00 0.000000000000000000e+00
1.337670710145010267e+00 4.819875853006108102e+00 0.000000000000000000e+00
3.293712754084909822e-01 3.080250003249927815e+00 0.000000000000000000e+00
8.909680718907060371e-01 6.445465729510098107e+00 0.000000000000000000e+00
1.439801330147872704e+00 4.481364583932434975e+00 0.000000000000000000e+00
4.090150272314937441e-01 4.807868002652448070e+00 0.000000000000000000e+00
-1.726217275409345220e-01 4.544729638779910097e+00 0.000000000000000000e+00
-4.801672224327004912e-01 5.429820436141124418e+00 0.000000000000000000e+00
9.354978209193440808e-01 1.583073823060411778e+00 1.000000000000000000e+00
2.177136826622319887e+00 5.965115885622992664e+00 0.000000000000000000e+00
1.716258346570173066e+00 -7.488048260693060953e-01 1.000000000000000000e+00
2.054515092707059232e+00 9.842634612297240793e-01 0.000000000000000000e+00
2.558549435345422118e+00 -1.322196340014349047e+00 1.000000000000000000e+00
3.163381945632397496e+00 5.574989649151765869e-01 1.000000000000000000e+00
2.186401477789768677e+00 1.065054813207281681e+00 1.000000000000000000e+00
1.417290836664467868e+00 4.112819298016629155e+00 0.000000000000000000e+00
4.926815199831868775e-01 3.665921402906354487e+00 0.000000000000000000e+00
2.146768257987069717e+00 3.646736586070965291e+00 0.000000000000000000e+00
3.255964052004413301e+00 1.179964258191299464e+00 1.000000000000000000e+00
2.400520934225620628e+00 2.760255052006324483e+00 0.000000000000000000e+00
3.377636565854037487e-01 2.827997097295374740e+00 0.000000000000000000e+00
1.600970296287813621e+00 1.871477685104176336e+00 1.000000000000000000e+00
1.254360366195129028e+00 -5.202258322148474168e-01 1.000000000000000000e+00
2.747926994341340023e+00 6.000628777881622522e-02 1.000000000000000000e+00
3.022968283706398473e+00 -7.041005102559549922e-02 1.000000000000000000e+00
1.709238777965517597e+00 2.302545291955985896e+00 1.000000000000000000e+00
3.622258855401089050e+00 2.290189323135972899e+00 0.000000000000000000e+00
1.198052756363686022e+00 3.801561157188062534e+00 0.000000000000000000e+00
1.998875891816209505e+00 9.965658148498557356e-01 1.000000000000000000e+00
1.839306359025306259e+00 5.299627462904229702e+00 0.000000000000000000e+00
2.262439444290063051e+00 4.213428567998383834e+00 0.000000000000000000e+00
3.875027461228932157e+00 9.670289417426902734e-01 1.000000000000000000e+00
2.412783180155525287e+00 2.120872781745490876e+00 1.000000000000000000e+00
1.010447437080851163e+00 -2.799533261534579154e-01 1.000000000000000000e+00
1.079887013305953714e+00 1.236554655496330479e+00 1.000000000000000000e+00
-1.002620277718830888e-01 6.691368518822182310e+00 0.000000000000000000e+00
2.326742062230727992e+00 9.954276363031270281e-01 1.000000000000000000e+00
3.201794449077698168e+00 8.263600753602016180e-01 1.000000000000000000e+00
2.262596924749799676e+00 2.559090263369878215e+00 1.000000000000000000e+00
2.399850708108846042e+00 1.218234451530297857e-02 1.000000000000000000e+00
5.165819539346788503e+00 3.017625576205648308e+00 1.000000000000000000e+00
1.334199689661844435e+00 5.064842120542703441e+00 0.000000000000000000e+00
3.488139249014170495e-01 3.331536963463384016e+00 1.000000000000000000e+00
4.195649048111999235e+00 -9.248011576850068138e-02 1.000000000000000000e+00
-9.497261895092858897e-01 4.382864820198804523e+00 0.000000000000000000e+00
2.625458816216696967e+00 4.506898699771894612e-01 1.000000000000000000e+00
1.155341856255509558e+00 -2.193043429548022782e-01 1.000000000000000000e+00
2.997756855155977451e+00 2.229308025060430243e+00 1.000000000000000000e+00
2.709344694792974018e+00 2.256844492403594638e-01 1.000000000000000000e+00
1.538624628755009827e-01 5.514890625652203227e+00 0.000000000000000000e+00
3.010889337724794945e+00 5.621977409262103320e-01 1.000000000000000000e+00
5.413177586454377410e-01 2.612051254763747998e+00 0.000000000000000000e+00
-1.125252690821546775e+00 3.192573129829077594e+00 0.000000000000000000e+00
2.335582797639980335e+00 -1.200696793597884060e+00 1.000000000000000000e+00
1.920945439664673238e+00 3.629871531507152582e+00 0.000000000000000000e+00
2.391547612903186071e+00 1.553810989495290062e+00 1.000000000000000000e+00
-1.064259049038484228e+00 4.219869634180238194e+00 0.000000000000000000e+00
1.853550601085653948e+00 3.140724666469278947e+00 1.000000000000000000e+00
2.191939814974666056e+00 6.971122636454062160e+00 0.000000000000000000e+00
3.968932960218908512e+00 1.013223329275197537e+00 1.000000000000000000e+00
4.231054328802041908e+00 5.308073413262149876e-01 1.000000000000000000e+00
9.862169498692976433e-01 2.469188223474179544e+00 1.000000000000000000e+00
2.370681810663529454e+00 4.091661648366698989e-01 1.000000000000000000e+00
3.094456343913838392e+00 1.507629513266692589e+00 1.000000000000000000e+00
1.539927828177199309e+00 3.933396806619353647e-01 1.000000000000000000e+00
1.672932887367941657e-01 4.894096265058200501e+00 0.000000000000000000e+00
1.825572858620387651e+00 1.928436434486021422e+00 1.000000000000000000e+00
1.655409942780894594e+00 4.852591024538442710e+00 0.000000000000000000e+00
1.577663986532539475e+00 7.752981219975367821e+00 0.000000000000000000e+00
1.082538119612725058e+00 3.068632356158825125e+00 1.000000000000000000e+00
2.162988574408028164e+00 3.636286176487736999e+00 1.000000000000000000e+00
-5.962030346951667781e-01 -1.400894594760186074e+00 1.000000000000000000e+00
4.934435910664403124e-02 2.721057097032928862e+00 1.000000000000000000e+00
2.324708838668733790e+00 1.607672858970961904e+00 1.000000000000000000e+00
1.876249741225451739e+00 2.925154561254177832e+00 0.000000000000000000e+00
1.077693612036325632e-01 2.638701977312649660e-01 1.000000000000000000e+00
-3.145337988186669431e-01 3.757851905625880562e+00 0.000000000000000000e+00
2.593731440114929843e+00 7.102991702715126809e-01 1.000000000000000000e+00
1.610318767433513987e+00 4.158500201964453247e+00 0.000000000000000000e+00
2.363578715498435567e+00 1.657654296695933560e+00 1.000000000000000000e+00
2.308775304833599051e-01 4.238078207111457552e+00 0.000000000000000000e+00
2.836585320790994569e+00 6.673648797486618989e+00 0.000000000000000000e+00
2.196189947977549295e+00 1.719248272818908463e+00 1.000000000000000000e+00
1.220107199985721591e+00 2.076833757816400894e+00 0.000000000000000000e+00
2.089970185964754812e+00 3.657358939736268244e-01 1.000000000000000000e+00
1.558348128209569916e+00 2.383482719601860200e+00 0.000000000000000000e+00
1.593447300232980535e+00 4.158657403655431573e+00 0.000000000000000000e+00
